
--------------------------------------------------
Original Sentence:
death is the future

Preprocessed Text:
death futur

ID              Past       Present    Future     Atemporal 
--------------------------------------------------
97022           0.001662   0.829338   0.000000   0.169000  
656384          0.000000   0.071856   0.000144   0.928000  
1558194         0.000000   0.266466   0.000534   0.733000  
254527          0.000000   0.061876   0.000124   0.938000  
219463          0.000000   0.031265   0.033735   0.935000  
219575          0.000000   0.099800   0.000200   0.900000  
1750167         0.000000   0.376246   0.000754   0.623000  
2177775         0.000020   0.009980   0.000000   0.990000  
2299846         0.000000   0.024950   0.000050   0.975000  
3166600         0.027474   0.041154   0.045486   0.886000  
3166685         0.000000   0.366177   0.004823   0.629000  
3166809         0.000000   0.266466   0.000534   0.733000  
3166951         0.000000   0.266466   0.000534   0.733000  
3167053         0.000012   0.000000   0.005988   0.994000  
3167153         0.000000   0.000260   0.129740   0.870000  
3167337         0.000000   0.000002   0.000998   0.999000  
5164353         0.000000   0.000000   0.000000   1.000000  
6495220         0.000127   0.126746   0.000127   0.873000  
6547992         0.000000   0.266466   0.000534   0.733000  
6808271         0.764468   0.001532   0.000000   0.234000  
7286999         0.000000   0.000322   0.160678   0.839000  
7287610         0.000000   0.844308   0.001692   0.154000  
7316242         0.000408   0.407184   0.000816   0.592000  
7333506         0.000000   0.012974   0.000026   0.987000  
7333971         0.000000   0.000264   0.131736   0.868000  
7355491         0.000000   0.021956   0.000044   0.978000  
8209187         0.000000   0.000000   0.000000   1.000000  
9169303         0.000002   0.000998   0.000000   0.999000  
9180967         0.000000   0.266466   0.000534   0.733000  
9488259         0.000000   0.266466   0.000534   0.733000  
11444117        0.000000   0.000686   0.342314   0.657000  
11487078        0.968060   0.001940   0.000000   0.030000  
12466727        0.000000   0.000000   0.000000   1.000000  
12467592        0.000000   0.000008   0.003992   0.996000  
13002925        0.000000   0.034930   0.000070   0.965000  
13003254        0.000000   0.012974   0.000026   0.987000  
13297254        0.000000   0.111776   0.000224   0.888000  
13297397        0.000000   0.000004   0.001996   0.998000  
13952792        0.000000   0.000608   0.303392   0.696000  
13962498        0.000000   0.153915   0.001085   0.845000  
14139462        0.949098   0.001902   0.000000   0.049000  
14310172        0.000000   0.003992   0.000008   0.996000  
14310292        0.000000   0.543910   0.001090   0.455000  
14448825        0.000000   0.241516   0.000484   0.758000  
14540564        0.000000   0.123752   0.000248   0.876000  
15143276        0.000000   0.001998   0.997002   0.001000  
15143477        0.011947   0.109361   0.797692   0.081000  
15154376        0.000000   0.909178   0.001822   0.089000  
15234587        0.000000   0.000082   0.040918   0.959000  
15277118        0.000000   0.023952   0.000048   0.976000  
15285622        0.000000   0.015968   0.000032   0.984000  
1230521         0.000000   0.002000   0.998000   0.000000  
1294975         0.000000   0.001988   0.992012   0.006000  
1732270         0.000000   0.002000   0.998000   0.000000  
1732855         0.000000   0.954088   0.001912   0.044000  
1884353         0.000000   0.001988   0.992012   0.006000  
2992914         0.000000   0.001988   0.992012   0.006000  
2993094         0.000000   0.020958   0.000042   0.979000  
3408721         0.000000   0.002000   0.998000   0.000000  
3408918         0.000000   0.398202   0.000798   0.601000  
3843724         0.000000   0.002000   0.998000   0.000000  
4264485         0.000000   0.002000   0.998000   0.000000  
4574861         0.000000   0.002000   0.998000   0.000000  
5049930         0.000000   0.001978   0.987022   0.011000  
6136105         0.000000   0.002000   0.998000   0.000000  
6209242         0.001994   0.000000   0.995006   0.003000  
6330401         0.000000   0.001988   0.992012   0.006000  
6480723         0.000000   0.002000   0.998000   0.000000  
6480991         0.000000   0.001998   0.997002   0.001000  
8468084         0.001998   0.997002   0.000000   0.001000  
10116702        0.000000   0.001984   0.990016   0.008000  
13807178        0.000000   0.001990   0.993010   0.005000  
13807403        0.000000   0.002000   0.998000   0.000000  
15121625        0.000000   0.002000   0.998000   0.000000  
15160076        0.000000   0.002000   0.998000   0.000000  

Average Temporal Probabilities:
Past: 0.036364
Present: 0.128381
Future: 0.305649
Atemporal: 0.529613

--------------------------------------------------
Original Sentence:
life is beautiful and sweet

Preprocessed Text:
life beauti sweet

ID              Past       Present    Future     Atemporal 
--------------------------------------------------
74594           0.000000   0.001996   0.000004   0.998000  
97768           0.000246   0.122754   0.000000   0.877000  
100373          0.000000   0.071856   0.000144   0.928000  
119006          0.000000   0.157684   0.000316   0.842000  
119533          0.000000   0.305388   0.000612   0.694000  
656384          0.000000   0.071856   0.000144   0.928000  
1074335         0.000000   0.030938   0.000062   0.969000  
1087557         0.000000   0.023952   0.000048   0.976000  
1357484         0.000000   0.001950   0.973050   0.025000  
1388655         0.001992   0.994008   0.000000   0.004000  
1440159         0.000000   0.604788   0.001212   0.394000  
1440641         0.002000   0.998000   0.000000   0.000000  
1941383         0.000000   0.000142   0.070858   0.929000  
2594159         0.000000   0.016848   0.019152   0.964000  
2692034         0.000000   0.266466   0.000534   0.733000  
2731061         0.000000   0.030938   0.000062   0.969000  
2736507         0.000000   0.157684   0.000316   0.842000  
2755634         0.000002   0.000998   0.000000   0.999000  
2819848         0.000000   0.000998   0.000002   0.999000  
2851451         0.000000   0.266466   0.000534   0.733000  
158725          0.000000   0.071856   0.000144   0.928000  
389183          0.000000   0.020958   0.000042   0.979000  
389299          0.000000   0.670656   0.001344   0.328000  
247830          0.000000   0.006986   0.000014   0.993000  
310635          0.000000   0.104790   0.000210   0.895000  
361208          0.001960   0.978040   0.000000   0.020000  
587849          0.000000   0.000102   0.050898   0.949000  
2665767         0.000000   0.266466   0.000534   0.733000  
6269            0.000000   0.001996   0.000004   0.998000  
93874           0.000000   0.266466   0.000534   0.733000  
431292          0.000000   0.037924   0.000076   0.962000  
506554          0.000000   0.705586   0.001414   0.293000  
515952          0.000000   0.012974   0.000026   0.987000  
584160          0.000000   0.138722   0.000278   0.861000  
584248          0.001034   0.515966   0.000000   0.483000  
606227          0.000000   0.266466   0.000534   0.733000  
885764          0.039155   0.000000   0.915845   0.045000  
1078572         0.000000   0.027944   0.000056   0.972000  
1770967         0.000000   0.020958   0.000042   0.979000  
3594523         0.000000   0.000000   0.000000   1.000000  
3662601         0.000000   0.000000   0.000000   1.000000  
3662719         0.000000   0.985026   0.001974   0.013000  
3662887         0.000000   0.009980   0.000020   0.990000  
3663069         0.000000   0.000000   0.000000   1.000000  
3663234         0.000000   0.021956   0.000044   0.978000  
3663332         0.000000   0.000066   0.001934   0.998000  
3663433         0.000000   0.005988   0.000012   0.994000  
3663531         0.007670   0.759330   0.000000   0.233000  
3663781         0.000112   0.055888   0.000000   0.944000  
3663910         0.000000   0.111776   0.000224   0.888000  
3664159         0.000000   0.077850   0.095150   0.827000  
4319432         0.000000   0.034930   0.000070   0.965000  
4930632         0.000002   0.000998   0.000000   0.999000  
5182080         0.000000   0.015968   0.000032   0.984000  
5195796         0.000000   0.071120   0.055880   0.873000  
5217061         0.001990   0.993010   0.000000   0.005000  
5401851         0.000000   0.015792   0.000208   0.984000  
5632927         0.000000   0.000998   0.000002   0.999000  
5694527         0.000000   0.351296   0.000704   0.648000  
5810561         0.000000   0.000376   0.187624   0.812000  
6037298         0.000000   0.000998   0.000002   0.999000  
7607492         0.000010   0.004990   0.000000   0.995000  
7883510         0.000000   0.000284   0.141716   0.858000  
7993776         0.000000   0.000000   0.000000   1.000000  
8125722         0.044154   0.158107   0.020739   0.777000  
8139270         0.000000   0.000012   0.005988   0.994000  
8417436         0.000000   0.266466   0.000534   0.733000  
9178727         0.000000   0.057884   0.000116   0.942000  
10260706        0.005313   0.007623   0.008064   0.979000  
10260800        0.000000   0.600796   0.001204   0.398000  
10260943        0.000014   0.006986   0.000000   0.993000  
10261041        0.000000   0.002994   0.000006   0.997000  
10261211        0.047904   0.000096   0.000000   0.952000  
10458356        0.000000   0.004990   0.000010   0.995000  
11473291        0.000000   0.000000   0.000000   1.000000  
11473807        0.000000   0.482034   0.000966   0.517000  
11523839        0.000002   0.000998   0.000000   0.999000  
12930044        0.000000   0.055888   0.000112   0.944000  
12930778        0.000000   0.013972   0.000028   0.986000  
13251715        0.073852   0.000000   0.000148   0.926000  
13347237        0.027474   0.041154   0.045486   0.886000  
13347947        0.000000   0.072625   0.010375   0.917000  
13507827        0.000000   0.971054   0.001946   0.027000  
13541975        0.000000   0.010978   0.000022   0.989000  
13542114        0.000000   0.206586   0.000414   0.793000  
13906767        0.000532   0.265468   0.000000   0.734000  
13957390        0.000000   0.001632   0.814368   0.184000  
13961399        0.000000   0.001928   0.962072   0.036000  
13963192        0.000256   0.127744   0.000000   0.872000  
13986943        0.000000   0.467064   0.000936   0.532000  
14000200        0.000000   0.266466   0.000534   0.733000  
15140405        0.000920   0.459080   0.000000   0.540000  
15140744        0.001990   0.993010   0.000000   0.005000  
15140892        0.001940   0.968060   0.000000   0.030000  
15141894        0.000000   0.994008   0.001992   0.004000  
15142025        0.000000   0.001980   0.988020   0.010000  
15143864        0.000000   0.071856   0.000144   0.928000  
15144371        0.011385   0.016560   0.017010   0.955000  
15225076        0.000874   0.436126   0.000000   0.563000  
15275094        0.000250   0.000363   0.000387   0.999000  
217728          0.000000   0.931134   0.001866   0.067000  
1800764         0.000000   0.001848   0.922152   0.076000  
242006          0.000000   0.076846   0.000154   0.923000  
261604          0.000000   0.072854   0.000146   0.927000  
9845999         0.000000   0.024950   0.000050   0.975000  
90628           0.000000   0.266466   0.000534   0.733000  
236200          0.000000   0.000090   0.044910   0.955000  
267774          0.000000   0.992012   0.001988   0.006000  
1362273         0.000000   0.078842   0.000158   0.921000  
1443402         0.000922   0.460078   0.000000   0.539000  
1808671         0.000000   0.065868   0.000132   0.934000  
1864279         0.007953   0.011913   0.013167   0.967000  
2338543         0.000000   0.007968   0.000032   0.992000  
2367604         0.000000   0.000998   0.000002   0.999000  
2368336         0.000000   0.020958   0.000042   0.979000  
2368718         0.001340   0.668660   0.000000   0.330000  
2396354         0.000000   0.104790   0.000210   0.895000  
472323          0.000000   0.003992   0.000008   0.996000  
519854          0.000000   0.784428   0.001572   0.214000  
2195470         0.000000   0.012974   0.000026   0.987000  
248636          0.000000   0.331336   0.000664   0.668000  
2247511         0.000000   0.006986   0.000014   0.993000  
4656598         0.000000   0.266466   0.000534   0.733000  
4994413         0.000000   0.004990   0.000010   0.995000  
5716577         0.000000   0.000998   0.000002   0.999000  
7137461         0.000000   0.266466   0.000534   0.733000  
7486055         0.000000   0.206586   0.000414   0.793000  
7596684         0.000000   0.097804   0.000196   0.902000  
7597263         0.000000   0.266466   0.000534   0.733000  
7603722         0.000000   0.246506   0.000494   0.753000  
7652488         0.000000   0.170658   0.000342   0.829000  
7652788         0.000000   0.170658   0.000342   0.829000  
7652881         0.000000   0.170658   0.000342   0.829000  
7673872         0.000000   0.238522   0.000478   0.761000  
7692614         0.000000   0.398202   0.000798   0.601000  
7712063         0.000000   0.000000   0.000000   1.000000  
7720615         0.017964   0.000036   0.000000   0.982000  
7732168         0.000000   0.076846   0.000154   0.923000  
7748912         0.000000   0.000000   0.000000   1.000000  
7754155         0.000000   0.155688   0.000312   0.844000  
7757312         0.000000   0.001996   0.000004   0.998000  
7761611         0.000000   0.000000   0.000000   1.000000  
7821260         0.000000   0.296406   0.000594   0.703000  
7821404         0.000000   0.001996   0.000004   0.998000  
7825717         0.000000   0.070858   0.000142   0.929000  
7858595         0.000024   0.023952   0.000048   0.976000  
7899292         0.000000   0.021956   0.000044   0.978000  
7921948         0.000000   0.266466   0.000534   0.733000  
10682850        0.000402   0.200598   0.000000   0.799000  
10682953        0.690135   0.004865   0.000000   0.305000  
11326730        0.000000   0.000810   0.404190   0.595000  
11695085        0.000000   0.000000   0.000000   1.000000  
11711764        0.000000   0.000000   0.000000   1.000000  
11741175        0.000000   0.127744   0.000256   0.872000  
11742310        0.000000   0.008982   0.000018   0.991000  
11751213        0.000000   0.080838   0.000162   0.919000  
11751347        0.000000   0.000000   0.000000   1.000000  
11768505        0.009950   0.000000   0.000050   0.990000  
11780930        0.000000   0.039920   0.000080   0.960000  
11808299        0.000000   0.035928   0.000072   0.964000  
11837204        0.000000   0.002994   0.000006   0.997000  
11840246        0.000000   0.000000   0.000000   1.000000  
11891175        0.000000   0.000000   0.000000   1.000000  
11918808        0.000000   0.000000   0.000000   1.000000  
11929743        0.000000   0.731534   0.001466   0.267000  
11948469        0.000000   0.078842   0.000158   0.921000  
11995092        0.000000   0.000018   0.005982   0.994000  
12002826        0.000000   0.008982   0.000018   0.991000  
12144742        0.000000   0.009980   0.000020   0.990000  
12164363        0.000008   0.003992   0.000000   0.996000  
12240150        0.000242   0.120758   0.000000   0.879000  
12250180        0.000000   0.007984   0.000016   0.992000  
12283147        0.000000   0.000000   0.000000   1.000000  
12316572        0.000000   0.000000   0.000000   1.000000  
12316853        0.000000   0.092814   0.000186   0.907000  
12316982        0.000000   0.000000   0.000000   1.000000  
12384680        0.000000   0.155688   0.000312   0.844000  
12388444        0.000004   0.001996   0.000000   0.998000  
12389317        0.000000   0.000998   0.000002   0.999000  
12534625        0.000000   0.000998   0.000002   0.999000  
12540800        0.000000   0.001996   0.000004   0.998000  
12621619        0.000000   0.775446   0.001554   0.223000  
12642200        0.000024   0.011976   0.000000   0.988000  
12665271        0.000000   0.000000   0.000000   1.000000  
12683571        0.000998   0.000002   0.000000   0.999000  
12710693        0.000000   0.181636   0.000364   0.818000  
12711817        0.001418   0.707582   0.000000   0.291000  
12748248        0.000058   0.028942   0.000000   0.971000  
12748534        0.000086   0.042914   0.000000   0.957000  
12750076        0.000000   0.010978   0.000022   0.989000  
12768809        0.000000   0.000998   0.000002   0.999000  
12776558        0.000000   0.000998   0.000002   0.999000  
12776774        0.000334   0.166666   0.000000   0.833000  
12827684        0.000000   0.000000   0.000000   1.000000  
12853482        0.000000   0.190618   0.000382   0.809000  
12875861        0.000000   0.004990   0.000010   0.995000  
12894607        0.020958   0.000042   0.000000   0.979000  
12901264        0.000000   0.000000   0.000000   1.000000  
12927194        0.000000   0.000998   0.000002   0.999000  
12940609        0.000000   0.005988   0.000012   0.994000  
14282384        0.000000   0.090818   0.000182   0.909000  

Average Temporal Probabilities:
Past: 0.005104
Present: 0.159601
Future: 0.033913
Atemporal: 0.801383
